%YAML:1.0
DateTime: "1970"
BoardWidth: 11
BoardHeight: 7
SquareLength: 1.8999999761581421e+00
ImageWidth: 752
ImageHeight: 480
NumImagePairs: 11
ReprojectionError: 3.1053851076259487e-01
R: !!opencv-matrix
   rows: 3
   cols: 3
   dt: d
   data: [ 9.9998102367774477e-01, -3.8074863810949608e-03,
       4.8430704999409000e-03, 4.3376394453488306e-03,
       9.9339764312436651e-01, -1.1463990369411474e-01,
       -4.3746049480810597e-03, 1.1465873574399608e-01,
       9.9339530759367733e-01 ]
T: !!opencv-matrix
   rows: 3
   cols: 1
   dt: d
   data: [ -1.1773227230766780e+01, -1.7412522903410865e-01,
       7.0910192207304379e-01 ]
R1: !!opencv-matrix
   rows: 3
   cols: 3
   dt: d
   data: [ 9.9839039833225707e-01, 3.9712669078407238e-03,
       -5.6575980390123043e-02, -7.2104182302884703e-03,
       9.9833872980398608e-01, -5.7164590808543442e-02,
       5.6254976552312423e-02, 5.7480515068243559e-02,
       9.9676043661483094e-01 ]
R2: !!opencv-matrix
   rows: 3
   cols: 3
   dt: d
   data: [ 9.9808233054802187e-01, 1.4761569703454200e-02,
       -6.0114536575766077e-02, -1.1288294663902930e-02,
       9.9826940821752530e-01, 5.7712763065140962e-02,
       6.0862433827525778e-02, -5.6923498459970474e-02,
       9.9652169041705652e-01 ]
P1: !!opencv-matrix
   rows: 3
   cols: 4
   dt: d
   data: [ 8.5998170133546228e+02, 0., 4.2406183624267578e+02, 0., 0.,
       8.5998170133546228e+02, 2.3883151817321777e+02, 0., 0., 0., 1.,
       0. ]
P2: !!opencv-matrix
   rows: 3
   cols: 4
   dt: d
   data: [ 8.5998170133546228e+02, 0., 4.2406183624267578e+02,
       -1.0144213231953077e+04, 0., 8.5998170133546228e+02,
       2.3883151817321777e+02, 0., 0., 0., 1., 0. ]
Q: !!opencv-matrix
   rows: 4
   cols: 4
   dt: d
   data: [ 1., 0., 0., -4.2406183624267578e+02, 0., 1., 0.,
       -2.3883151817321777e+02, 0., 0., 0., 8.5998170133546228e+02, 0.,
       0., 8.4775593894913528e-02, 0. ]
E: !!opencv-matrix
   rows: 3
   cols: 3
   dt: d
   data: [ -2.3140993794383479e-03, -7.2438515674450454e-01,
       -9.1683809400392502e-02, 6.5758524782786365e-01,
       1.3472034539954056e+00, 1.1698902916878067e+01,
       1.2305390994242077e-01, -1.1696159162449485e+01,
       1.3505249366640635e+00 ]
F: !!opencv-matrix
   rows: 3
   cols: 3
   dt: d
   data: [ -3.3652513299792751e-09, -1.0534284455593908e-06,
       1.6284581889116070e-04, 9.5628547740441863e-07,
       1.9591545011394782e-06, 1.0746845091626940e-02,
       -1.0601451772624590e-04, -1.1646088183105030e-02, 1. ]
