%YAML:1.0
DateTime: "1970"
BoardWidth: 11
BoardHeight: 7
SquareLength: 2.5329999923706055e+00
ImageWidth: 640
ImageHeight: 480
NumImagePairs: 11
ReprojectionError: 3.7230560719446260e+01
R: !!opencv-matrix
   rows: 3
   cols: 3
   dt: d
   data: [ 9.9924505580583833e-01, 3.4108620280232919e-02,
       -1.8598937339699074e-02, -3.5217737807795073e-02,
       9.9739289975790346e-01, -6.2985033589117820e-02,
       1.6402115451629107e-02, 6.3592495902423760e-02,
       9.9784115222494796e-01 ]
T: !!opencv-matrix
   rows: 3
   cols: 1
   dt: d
   data: [ -1.1855447656982563e+00, 5.3192177126724316e-01,
       -5.5518863189384540e+00 ]
R1: !!opencv-matrix
   rows: 3
   cols: 3
   dt: d
   data: [ 2.2701920837074949e-01, -2.4033900605842078e-02,
       9.7359367841640532e-01, 4.1697930971232651e-02,
       9.9901857948200323e-01, 1.4938554229860285e-02,
       -9.7299720533177103e-01, 3.7205503241169370e-02,
       2.2779857099010695e-01 ]
R2: !!opencv-matrix
   rows: 3
   cols: 3
   dt: d
   data: [ 2.0792025052861557e-01, -9.3288175312697758e-02,
       9.7368705740958950e-01, 7.5463755506719535e-02,
       9.9400462576156379e-01, 7.9120323365336795e-02,
       -9.7523042970620011e-01, 5.7027364584388555e-02,
       2.1371356686841256e-01 ]
P1: !!opencv-matrix
   rows: 3
   cols: 4
   dt: d
   data: [ -3.2218733504721775e+00, 0., 5.8036008453369141e+02, 0., 0.,
       -3.2218733504721775e+00, 2.1694189262390137e+02, 0., 0., 0., 1.,
       0. ]
P2: !!opencv-matrix
   rows: 3
   cols: 4
   dt: d
   data: [ -3.2218733504721775e+00, 0., 5.8036008453369141e+02,
       1.8370866121428140e+01, 0., -3.2218733504721775e+00,
       2.1694189262390137e+02, 0., 0., 0., 1., 0. ]
Q: !!opencv-matrix
   rows: 4
   cols: 4
   dt: d
   data: [ 1., 0., 0., -5.8036008453369141e+02, 0., 1., 0.,
       -2.1694189262390137e+02, 0., 0., 0., -3.2218733504721775e+00, 0.,
       0., 1.7537950193399543e-01, 0. ]
E: !!opencv-matrix
   rows: 3
   cols: 3
   dt: d
   data: [ -1.8680023441549864e-01, 5.5712382278319792e+00,
       1.8108768685353893e-01, -5.5282495124752682e+00,
       -1.1397543163688555e-01, 1.2862445407816729e+00,
       -4.8976799529651172e-01, -1.2005970493675313e+00,
       8.4564756582328690e-02 ]
F: !!opencv-matrix
   rows: 3
   cols: 3
   dt: d
   data: [ -4.5934689066091524e-05, 1.6510333076708383e-03,
       -3.2480532696841308e-01, -1.6382936261125558e-03,
       -4.0705781039413900e-05, 9.4540110736916283e-01,
       3.0055521906734167e-01, -8.1289830045053313e-01, 1. ]
