%YAML:1.0
DateTime: "1970"
BoardWidth: 11
BoardHeight: 7
SquareLength: 2.5329999923706055e+00
ImageWidth: 752
ImageHeight: 480
NumImagePairs: 10
ReprojectionError: 2.9445392318213526e-01
R: !!opencv-matrix
   rows: 3
   cols: 3
   dt: d
   data: [ 9.9967108286777251e-01, -3.8392351594110819e-04,
       -2.5643296993734934e-02, 1.1946690850597485e-03,
       9.9949961430564604e-01, 3.1608444578023795e-02,
       2.5618330229587375e-02, -3.1628683273236438e-02,
       9.9917132042040169e-01 ]
T: !!opencv-matrix
   rows: 3
   cols: 1
   dt: d
   data: [ -1.5520259668217154e+01, -1.7555161952023033e-02,
       -5.1466608142798120e-01 ]
R1: !!opencv-matrix
   rows: 3
   cols: 3
   dt: d
   data: [ 9.9997166557480055e-01, -3.0204686425367816e-04,
       7.5217561281352941e-03, 1.8308886779521170e-04,
       9.9987498379806794e-01, 1.5810858714181902e-02,
       -7.5255914070480687e-03, -1.5809033572774994e-02,
       9.9984670821654920e-01 ]
R2: !!opencv-matrix
   rows: 3
   cols: 3
   dt: d
   data: [ 9.9944999109883692e-01, 1.1304905221797452e-03,
       3.3142680695958882e-02, -6.0628941828522436e-04,
       9.9987463604204141e-01, -1.5822282165876392e-02,
       -3.3156412738357247e-02, 1.5793485713248880e-02,
       9.9932538149661210e-01 ]
P1: !!opencv-matrix
   rows: 3
   cols: 4
   dt: d
   data: [ 6.8156688281398965e+02, 0., 3.2814392852783203e+02, 0., 0.,
       6.8156688281398965e+02, 2.3380883598327637e+02, 0., 0., 0., 1.,
       0. ]
P2: !!opencv-matrix
   rows: 3
   cols: 4
   dt: d
   data: [ 6.8156688281398965e+02, 0., 3.2814392852783203e+02,
       -1.0583916250677492e+04, 0., 6.8156688281398965e+02,
       2.3380883598327637e+02, 0., 0., 0., 1., 0. ]
Q: !!opencv-matrix
   rows: 4
   cols: 4
   dt: d
   data: [ 1., 0., 0., -3.2814392852783203e+02, 0., 1., 0.,
       -2.3380883598327637e+02, 0., 0., 0., 6.8156688281398965e+02, 0.,
       0., 6.4396473542613464e-02, 0. ]
E: !!opencv-matrix
   rows: 3
   cols: 3
   dt: d
   data: [ 1.6512172049003854e-04, 5.1496379654065638e-01,
       -1.2728200367918248e-03, -1.1689366150708992e-01,
       -4.9068778495290855e-01, 1.5520596081138699e+01,
       -9.9218665922071875e-04, -1.5512500292146019e+01,
       -4.9102143979108870e-01 ]
F: !!opencv-matrix
   rows: 3
   cols: 3
   dt: d
   data: [ -7.3809208087630753e-10, -2.3110289559192443e-06,
       5.4455790411970335e-04, 5.2458956983198275e-07,
       2.2108347609441562e-06, -4.8391186524793468e-02,
       -1.1931547133217021e-04, 4.7965569292458793e-02,
       9.9999999999999989e-01 ]
