%YAML:1.0
DateTime: "1970"
BoardWidth: 11
BoardHeight: 7
SquareLength: 1.8999999761581421e+00
ImageWidth: 752
ImageHeight: 480
NumImagePairs: 17
ReprojectionError: 5.2315418678320103e-01
R: !!opencv-matrix
   rows: 3
   cols: 3
   dt: d
   data: [ 9.9506812727950245e-01, 4.0689208306158011e-03,
       -9.9110372594083881e-02, -1.2068669477249314e-02,
       9.9670166987355446e-01, -8.0250411141108993e-02,
       9.8456941296756043e-02, 8.1050756656198472e-02,
       9.9183517055806447e-01 ]
T: !!opencv-matrix
   rows: 3
   cols: 1
   dt: d
   data: [ -1.1770922946085854e+01, 1.0182369349091260e-02,
       -6.7492873071325044e-01 ]
R1: !!opencv-matrix
   rows: 3
   cols: 3
   dt: d
   data: [ 9.9908257717143978e-01, 7.8411878820322366e-03,
       -4.2101303603006873e-02, -9.5316191544738259e-03,
       9.9915012366557709e-01, -4.0102102380750307e-02,
       4.1751074582194368e-02, 4.0466605388403680e-02,
       9.9830821974957762e-01 ]
R2: !!opencv-matrix
   rows: 3
   cols: 3
   dt: d
   data: [ 9.9835981012306418e-01, -8.6362542482868007e-04,
       5.7244595222296302e-02, -1.4446133621262695e-03,
       9.9918784087668544e-01, 4.0268743914125125e-02,
       -5.7232880613096213e-02, -4.0285391835167904e-02,
       9.9754773549009368e-01 ]
P1: !!opencv-matrix
   rows: 3
   cols: 4
   dt: d
   data: [ 5.9047668064222864e+02, 0., 3.6845251846313477e+02, 0., 0.,
       5.9047668064222864e+02, 2.3922830390930176e+02, 0., 0., 0., 1.,
       0. ]
P2: !!opencv-matrix
   rows: 3
   cols: 4
   dt: d
   data: [ 5.9047668064222864e+02, 0., 3.6845251846313477e+02,
       -6.9618743050598741e+03, 0., 5.9047668064222864e+02,
       2.3922830390930176e+02, 0., 0., 0., 1., 0. ]
Q: !!opencv-matrix
   rows: 4
   cols: 4
   dt: d
   data: [ 1., 0., 0., -3.6845251846313477e+02, 0., 1., 0.,
       -2.3922830390930176e+02, 0., 0., 0., 5.9047668064222864e+02, 0.,
       0., 8.4815762935143993e-02, 0. ]
E: !!opencv-matrix
   rows: 3
   cols: 3
   dt: d
   data: [ -7.1429668304122612e-03, 6.7352788168783206e-01,
       -4.4064076090644048e-02, 4.8732900139344792e-01,
       9.5129597975048708e-01, 1.1741707805832339e+01,
       1.3192722727901146e-01, -1.1732139987571459e+01,
       9.4563058435378267e-01 ]
F: !!opencv-matrix
   rows: 3
   cols: 3
   dt: d
   data: [ -1.6047705667184954e-08, 1.5131775718108822e-06,
       -4.1281056903869702e-04, 1.0948549199680174e-06,
       2.1372236842000090e-06, 1.4113980386596826e-02,
       -8.7239849939107358e-05, -1.6104773750043433e-02, 1. ]
