%YAML:1.0
DateTime: "1970"
BoardWidth: 11
BoardHeight: 7
SquareLength: 2.5329999923706055e+00
ImageWidth: 640
ImageHeight: 480
NumImagePairs: 17
ReprojectionError: 2.6493014149736877e-01
R: !!opencv-matrix
   rows: 3
   cols: 3
   dt: d
   data: [ 9.9974440658095731e-01, -6.3884035550596039e-04,
       2.2598968850143314e-02, -3.0291353278885408e-04,
       9.9913244656686373e-01, 4.1644476953191727e-02,
       -2.2605967209593670e-02, -4.1640678432434804e-02,
       9.9887688137538022e-01 ]
T: !!opencv-matrix
   rows: 3
   cols: 1
   dt: d
   data: [ -8.1948318658790811e+00, 5.4451858702373370e-03,
       2.4813231525402335e-01 ]
R1: !!opencv-matrix
   rows: 3
   cols: 3
   dt: d
   data: [ 9.9997058193551236e-01, -4.1867352656906333e-05,
       -7.6703005597901514e-03, 2.0162152800831795e-04,
       9.9978305251565969e-01, 2.0828040023707441e-02,
       7.6677644924827478e-03, -2.0828973800802019e-02,
       9.9975364927470656e-01 ]
R2: !!opencv-matrix
   rows: 3
   cols: 3
   dt: d
   data: [ 9.9954168189866588e-01, -6.6416130703661621e-04,
       -3.0265244703198208e-02, 3.3560461879979342e-05,
       9.9978299905491630e-01, -2.0831554777610159e-02,
       3.0272512629143131e-02, 2.0820991583385493e-02,
       9.9932480269860346e-01 ]
P1: !!opencv-matrix
   rows: 3
   cols: 4
   dt: d
   data: [ 1.1861113766769888e+03, 0., 3.4657687377929688e+02, 0., 0.,
       1.1861113766769888e+03, 2.2707537841796875e+02, 0., 0., 0., 1.,
       0. ]
P2: !!opencv-matrix
   rows: 3
   cols: 4
   dt: d
   data: [ 1.1861113766769888e+03, 0., 3.4657687377929688e+02,
       -9.7244401930401054e+03, 0., 1.1861113766769888e+03,
       2.2707537841796875e+02, 0., 0., 0., 1., 0. ]
Q: !!opencv-matrix
   rows: 4
   cols: 4
   dt: d
   data: [ 1., 0., 0., -3.4657687377929688e+02, 0., 1., 0.,
       -2.2707537841796875e+02, 0., 0., 0., 1.1861113766769888e+03, 0.,
       0., 1.2197220129194712e-01, 0. ]
E: !!opencv-matrix
   rows: 3
   cols: 3
   dt: d
   data: [ -4.7931057020054130e-05, -2.4814378844588006e-01,
       -4.8942702033663221e-03, 6.2816793818996783e-02,
       -3.4139687547142988e-01, 8.1912356320480235e+00,
       -2.9614686454593306e-03, -8.1877189327553861e+00,
       -3.4139254235974731e-01 ]
F: !!opencv-matrix
   rows: 3
   cols: 3
   dt: d
   data: [ 1.3965971789874037e-10, 7.2285892283042354e-07,
       -1.5276802775716585e-04, -1.8298938772575482e-07,
       9.9427304071515477e-07, -2.2932954387372171e-02,
       5.0334708112260244e-05, 2.2285097374901017e-02, 1. ]
