%YAML:1.0
DateTime: "1970"
BoardWidth: 11
BoardHeight: 7
SquareLength: 2.5329999923706055e+00
ImageWidth: 752
ImageHeight: 480
NumImagePairs: 12
ReprojectionError: 1.8412137624125730e-01
R: !!opencv-matrix
   rows: 3
   cols: 3
   dt: d
   data: [ 9.9924168070814268e-01, -4.0787692625793038e-04,
       -3.8934524165313400e-02, 1.6325317913536382e-03,
       9.9950469753056159e-01, 3.1427606563192760e-02,
       3.8902421203783275e-02, -3.1467336251320088e-02,
       9.9874741970817116e-01 ]
T: !!opencv-matrix
   rows: 3
   cols: 1
   dt: d
   data: [ -1.5692076633369542e+01, 5.0238673893623076e-02,
       -4.6974098289388283e-01 ]
R1: !!opencv-matrix
   rows: 3
   cols: 3
   dt: d
   data: [ 9.9994794653191921e-01, -4.5477340521906644e-03,
       -9.1335831735667519e-03, 4.6904576694043717e-03,
       9.9986627757060753e-01, 1.5666096640461123e-02,
       9.0611165674789884e-03, -1.5708121851045299e-02,
       9.9983556201730650e-01 ]
R2: !!opencv-matrix
   rows: 3
   cols: 3
   dt: d
   data: [ 9.9954713334378464e-01, -3.2000813943631823e-03,
       2.9921358647154429e-02, 3.6691264026774183e-03,
       9.9987104657707726e-01, -1.5634184606216541e-02,
       -2.9867469522263986e-02, 1.5736889652327522e-02,
       9.9942997982270221e-01 ]
P1: !!opencv-matrix
   rows: 3
   cols: 4
   dt: d
   data: [ 4.3784453351639337e+02, 0., 1.4052710151672363e+02, 0., 0.,
       4.3784453351639337e+02, 3.8306111335754395e+02, 0., 0., 0., 1.,
       0. ]
P2: !!opencv-matrix
   rows: 3
   cols: 4
   dt: d
   data: [ 4.3784453351639337e+02, 0., 1.4052710151672363e+02,
       -6.8738028895712650e+03, 0., 4.3784453351639337e+02,
       3.8306111335754395e+02, 0., 0., 0., 1., 0. ]
Q: !!opencv-matrix
   rows: 4
   cols: 4
   dt: d
   data: [ 1., 0., 0., -1.4052710151672363e+02, 0., 1., 0.,
       -3.8306111335754395e+02, 0., 0., 0., 4.3784453351639337e+02, 0.,
       0., 6.3697568951341099e-02, 0. ]
E: !!opencv-matrix
   rows: 3
   cols: 3
   dt: d
   data: [ 2.7212731408052049e-03, 4.6792744178082801e-01,
       6.4938580717812722e-02, 1.4107500550900895e-01,
       -4.9359625539548213e-01, 1.5690710189090636e+01,
       -7.5818390914345557e-02, -1.5684283817866531e+01,
       -4.9120839173026382e-01 ]
F: !!opencv-matrix
   rows: 3
   cols: 3
   dt: d
   data: [ -2.7234551779597403e-08, -4.6967827944898075e-06,
       8.4213270726584593e-04, -1.4160286391530374e-06,
       4.9689849528988127e-06, -5.7677914540650028e-02,
       6.2071136911435944e-04, 5.7455460432768182e-02, 1. ]
