%YAML:1.0
DateTime: "1970"
BoardWidth: 11
BoardHeight: 7
SquareLength: 1.8999999761581421e+00
ImageWidth: 752
ImageHeight: 480
NumImagePairs: 30
ReprojectionError: 2.8877152537036210e-01
R: !!opencv-matrix
   rows: 3
   cols: 3
   dt: d
   data: [ 9.9992227895644126e-01, -1.1550375667844559e-02,
       -4.6930660008751568e-03, 1.1567355311502721e-02,
       9.9992658973165938e-01, 3.6071371905273680e-03,
       4.6510576920046707e-03, -3.6611432019930884e-03,
       9.9998248169295456e-01 ]
T: !!opencv-matrix
   rows: 3
   cols: 1
   dt: d
   data: [ -1.1677145358889620e+01, -1.9013499572782400e-01,
       4.2119082892421930e-02 ]
R1: !!opencv-matrix
   rows: 3
   cols: 3
   dt: d
   data: [ 9.9995479839211354e-01, 4.7436356934427906e-03,
       -8.2400905938748575e-03, -4.7284124153054320e-03,
       9.9998708006144243e-01, 1.8659652250677973e-03,
       8.2488355916550214e-03, -1.8269183337720552e-03,
       9.9996430890346455e-01 ]
R2: !!opencv-matrix
   rows: 3
   cols: 3
   dt: d
   data: [ 9.9986096137639069e-01, 1.6280396773079724e-02,
       -3.6064659142921486e-03, -1.6287028453812257e-02,
       9.9986570630765048e-01, -1.8171554826660241e-03,
       3.5763975764119965e-03, 1.8756414408325997e-03,
       9.9999184564153365e-01 ]
P1: !!opencv-matrix
   rows: 3
   cols: 4
   dt: d
   data: [ 6.7692827835055971e+02, 0., 3.7041741561889648e+02, 0., 0.,
       6.7692827835055971e+02, 2.6729780006408691e+02, 0., 0., 0., 1.,
       0. ]
P2: !!opencv-matrix
   rows: 3
   cols: 4
   dt: d
   data: [ 6.7692827835055971e+02, 0., 3.7041741561889648e+02,
       -7.9056890999735242e+03, 0., 6.7692827835055971e+02,
       2.6729780006408691e+02, 0., 0., 0., 1., 0. ]
Q: !!opencv-matrix
   rows: 4
   cols: 4
   dt: d
   data: [ 1., 0., 0., -3.7041741561889648e+02, 0., 1., 0.,
       -2.6729780006408691e+02, 0., 0., 0., 6.7692827835055971e+02, 0.,
       0., 8.5625461587254523e-02, 0. ]
E: !!opencv-matrix
   rows: 3
   cols: 3
   dt: d
   data: [ -1.3715352316104512e-03, -4.1419879472174626e-02,
       -1.9028359419492091e-01, 9.6426886095466000e-02,
       -4.3238192579576430e-02, 1.1676743127435897e+01,
       5.5046528847197795e-02, -1.1678484267143631e+01,
       -4.3013381387271593e-02 ]
F: !!opencv-matrix
   rows: 3
   cols: 3
   dt: d
   data: [ -6.5953217946502024e-09, -1.9920244102672600e-07,
       -5.6739286352256509e-04, 4.6388392219635577e-07,
       -2.0803457153008558e-07, 3.8239794620389275e-02,
       6.6439532553405839e-05, -3.8194378970243234e-02,
       9.9999999999999989e-01 ]
