%YAML:1.0
DateTime: "1970"
BoardWidth: 11
BoardHeight: 7
SquareLength: 2.5329999923706055e+00
ImageWidth: 640
ImageHeight: 480
NumImagePairs: 11
ReprojectionError: 3.2731331381746803e-01
R: !!opencv-matrix
   rows: 3
   cols: 3
   dt: d
   data: [ 9.9951730302609532e-01, -7.5477646803273624e-04,
       3.1057869597319526e-02, -4.1045722216423544e-04,
       9.9929674310808381e-01, 3.7494676134688813e-02,
       -3.1064328035699945e-02, -3.7489325494862315e-02,
       9.9881407579070025e-01 ]
T: !!opencv-matrix
   rows: 3
   cols: 1
   dt: d
   data: [ -8.1587571253438522e+00, 3.1913556893556363e-02,
       1.5095070042322917e-01 ]
R1: !!opencv-matrix
   rows: 3
   cols: 3
   dt: d
   data: [ 9.9991487572270177e-01, -3.9692714111630740e-03,
       1.2429247479978428e-02, 3.7351241352574032e-03,
       9.9981618803007755e-01, 1.8805291827004647e-02,
       -1.2501606142741989e-02, -1.8757266257882935e-02,
       9.9974590512108763e-01 ]
R2: !!opencv-matrix
   rows: 3
   cols: 3
   dt: d
   data: [ 9.9982124169811049e-01, -3.9108716671174305e-03,
       -1.8498371064827351e-02, 3.5627357723595128e-03,
       9.9981662562319085e-01, -1.8815473453320034e-02,
       1.8568563839593343e-02, 1.8746205222913228e-02,
       9.9965183350338305e-01 ]
P1: !!opencv-matrix
   rows: 3
   cols: 4
   dt: d
   data: [ 1.0311781701011905e+03, 0., 3.3206713676452637e+02, 0., 0.,
       1.0311781701011905e+03, 2.3037407112121582e+02, 0., 0., 0., 1.,
       0. ]
P2: !!opencv-matrix
   rows: 3
   cols: 4
   dt: d
   data: [ 1.0311781701011905e+03, 0., 3.3206713676452637e+02,
       -8.4146364289311750e+03, 0., 1.0311781701011905e+03,
       2.3037407112121582e+02, 0., 0., 0., 1., 0. ]
Q: !!opencv-matrix
   rows: 4
   cols: 4
   dt: d
   data: [ 1., 0., 0., -3.3206713676452637e+02, 0., 1., 0.,
       -2.3037407112121582e+02, 0., 0., 0., 1.0311781701011905e+03, 0.,
       0., 1.2254577827697903e-01, 0. ]
E: !!opencv-matrix
   rows: 3
   cols: 3
   dt: d
   data: [ -9.2941439494794386e-04, -1.5204096102489831e-01,
       2.6215862209158020e-02, -1.0256847072835963e-01,
       -3.0598023554205533e-01, 8.1537696649204783e+00,
       -2.8549331530236009e-02, -8.1529953355642295e+00,
       -3.0690112316473916e-01 ]
F: !!opencv-matrix
   rows: 3
   cols: 3
   dt: d
   data: [ 2.8063009322753670e-09, 4.5904455717615080e-07,
       -1.8078275251948213e-04, 3.0967640501841088e-07,
       9.2375542390329672e-07, -2.3671198893195352e-02,
       9.3997158207409363e-06, 2.2991537395641675e-02, 1. ]
