%YAML:1.0
DateTime: "1970"
BoardWidth: 11
BoardHeight: 7
SquareLength: 1.8999999761581421e+00
ImageWidth: 752
ImageHeight: 480
NumImagePairs: 15
ReprojectionError: 2.5887325340181638e-01
R: !!opencv-matrix
   rows: 3
   cols: 3
   dt: d
   data: [ 9.9959682730100929e-01, -1.6700735347309470e-03,
       -2.8344200538115049e-02, 5.1868539415391595e-04,
       9.9917613830460794e-01, -4.0580483094129496e-02,
       2.8388621227847289e-02, 4.0549420428405994e-02,
       9.9877416400691010e-01 ]
T: !!opencv-matrix
   rows: 3
   cols: 1
   dt: d
   data: [ -1.1711174855990372e+01, -6.0767961116232130e-02,
       -4.6782026328567322e-01 ]
R1: !!opencv-matrix
   rows: 3
   cols: 3
   dt: d
   data: [ 9.9992261285129780e-01, 5.1301846213712282e-03,
       1.1333557004943401e-02, -4.8995450772313272e-03,
       9.9978223234343344e-01, -2.0285027690808345e-02,
       -1.1435154859897349e-02, 2.0227928616922922e-02,
       9.9972999761795622e-01 ]
R2: !!opencv-matrix
   rows: 3
   cols: 3
   dt: d
   data: [ 9.9918966295457001e-01, 5.1846820949061137e-03,
       3.9914114249318865e-02, -5.9923166683602128e-03,
       9.9977918495927343e-01, 2.0141337173013266e-02,
       -3.9800874182346950e-02, -2.0364193913476502e-02,
       9.9900009510538845e-01 ]
P1: !!opencv-matrix
   rows: 3
   cols: 4
   dt: d
   data: [ 1.0693919349692674e+03, 0., 3.4686882019042969e+02, 0., 0.,
       1.0693919349692674e+03, 2.3957014465332031e+02, 0., 0., 0., 1.,
       0. ]
P2: !!opencv-matrix
   rows: 3
   cols: 4
   dt: d
   data: [ 1.0693919349692674e+03, 0., 3.4686882019042969e+02,
       -1.2533992698621822e+04, 0., 1.0693919349692674e+03,
       2.3957014465332031e+02, 0., 0., 0., 1., 0. ]
Q: !!opencv-matrix
   rows: 4
   cols: 4
   dt: d
   data: [ 1., 0., 0., -3.4686882019042969e+02, 0., 1., 0.,
       -2.3957014465332031e+02, 0., 0., 0., 1.0693919349692674e+03, 0.,
       0., 8.5319336039413274e-02, 0. ]
E: !!opencv-matrix
   rows: 3
   cols: 3
   dt: d
   data: [ -1.4824670932617478e-03, 4.6497073848654480e-01,
       -7.9677841847624636e-02, -1.3516754380768209e-01,
       4.7566264718685486e-01, 1.1710078867688891e+01,
       5.4669045787151940e-02, -1.1701627954582102e+01,
       4.7352271397974088e-01 ]
F: !!opencv-matrix
   rows: 3
   cols: 3
   dt: d
   data: [ -2.7733545598198750e-09, 8.6985318164953792e-07,
       -3.5586471346779613e-04, -2.5286734907140390e-07,
       8.8985528077333106e-07, 2.1717762295033267e-02,
       1.6354518013810866e-04, -2.2359922630985952e-02, 1. ]
