%YAML:1.0
DateTime: "1970"
BoardWidth: 11
BoardHeight: 7
SquareLength: 1.8999999761581421e+00
ImageWidth: 752
ImageHeight: 480
NumImagePairs: 15
ReprojectionError: 2.2484951312209778e-01
R: !!opencv-matrix
   rows: 3
   cols: 3
   dt: d
   data: [ 9.9960073085453705e-01, 3.0501278522475465e-03,
       -2.8090489407633076e-02, -1.8498639642978883e-03,
       9.9908811638797157e-01, 4.2655758059709725e-02,
       2.8194979666405051e-02, -4.2586763347545478e-02,
       9.9869485365109956e-01 ]
T: !!opencv-matrix
   rows: 3
   cols: 1
   dt: d
   data: [ -1.1717215079978795e+01, 4.0860314313147052e-02,
       -4.8306441672443012e-01 ]
R1: !!opencv-matrix
   rows: 3
   cols: 3
   dt: d
   data: [ 9.9991410388423574e-01, -2.1877441868652743e-03,
       1.2922794928295281e-02, 1.9118344530870148e-03,
       9.9977077847129603e-01, 2.1324525878024875e-02,
       -1.2966485353013996e-02, -2.1297987939507337e-02,
       9.9968908464948170e-01 ]
R2: !!opencv-matrix
   rows: 3
   cols: 3
   dt: d
   data: [ 9.9914518850091327e-01, -3.4842226730460281e-03,
       4.1191655560795855e-02, 4.3614834455577333e-03,
       9.9976518106555379e-01, -2.1226403160085214e-02,
       -4.1108025464971415e-02, 2.1387915310403256e-02,
       9.9892576667190158e-01 ]
P1: !!opencv-matrix
   rows: 3
   cols: 4
   dt: d
   data: [ 1.0916600591513964e+03, 0., 3.4640331268310547e+02, 0., 0.,
       1.0916600591513964e+03, 2.3952043533325195e+02, 0., 0., 0., 1.,
       0. ]
P2: !!opencv-matrix
   rows: 3
   cols: 4
   dt: d
   data: [ 1.0916600591513964e+03, 0., 3.4640331268310547e+02,
       -1.2802159140145421e+04, 0., 1.0916600591513964e+03,
       2.3952043533325195e+02, 0., 0., 0., 1., 0. ]
Q: !!opencv-matrix
   rows: 4
   cols: 4
   dt: d
   data: [ 1., 0., 0., -3.4640331268310547e+02, 0., 1., 0.,
       -2.3952043533325195e+02, 0., 0., 0., 1.0916600591513964e+03, 0.,
       0., 8.5271558273958173e-02, 0. ]
E: !!opencv-matrix
   rows: 3
   cols: 3
   dt: d
   data: [ 2.5845227428899890e-04, 4.8088380966330474e-01,
       6.1412464510158409e-02, -1.5250490308066422e-01,
       -5.0047167393522896e-01, 1.1715491915379081e+01,
       -1.9168746111987326e-02, -1.1706654972751487e+01,
       -4.9865890535875179e-01 ]
F: !!opencv-matrix
   rows: 3
   cols: 3
   dt: d
   data: [ -5.0114914552268177e-10, -9.3245265870239293e-07,
       1.0443614595309592e-04, 2.9571301733423156e-07,
       9.7043429948885582e-07, -2.3058973699497769e-02,
       -3.3468236272193425e-05, 2.2816097195445414e-02, 1. ]
