%YAML:1.0
DateTime: "1970"
BoardWidth: 11
BoardHeight: 7
SquareLength: 2.5329999923706055e+00
ImageWidth: 752
ImageHeight: 480
NumImagePairs: 15
ReprojectionError: 1.8760510894192398e-01
R: !!opencv-matrix
   rows: 3
   cols: 3
   dt: d
   data: [ 9.9908860448065373e-01, -1.0378836980144816e-03,
       -4.2671807957119320e-02, -2.6419107004181956e-05,
       9.9968911246864167e-01, -2.4933465737646054e-02,
       4.2684419861709039e-02, 2.4911868839751470e-02,
       9.9877797287083803e-01 ]
T: !!opencv-matrix
   rows: 3
   cols: 1
   dt: d
   data: [ -1.5564187328007169e+01, 2.4977815211872346e-02,
       -1.7402276112842882e-01 ]
R1: !!opencv-matrix
   rows: 3
   cols: 3
   dt: d
   data: [ 9.9950213921302955e-01, -2.3635212392390894e-03,
       -3.1462477269431112e-02, 1.9705054248324114e-03,
       9.9991972115524219e-01, -1.2516722941465178e-02,
       3.1489535038620529e-02, 1.2448494373793169e-02,
       9.9942655766738420e-01 ]
R2: !!opencv-matrix
   rows: 3
   cols: 3
   dt: d
   data: [ 9.9993621128983434e-01, -1.6047238049036960e-03,
       1.1180259963073360e-02, 1.4650203347178776e-03,
       9.9992089180519061e-01, 1.2492551658129420e-02,
       -1.1199422607919975e-02, -1.2475375466179134e-02,
       9.9985945909424057e-01 ]
P1: !!opencv-matrix
   rows: 3
   cols: 4
   dt: d
   data: [ 5.4346316845606293e+02, 0., 3.5091457366943359e+02, 0., 0.,
       5.4346316845606293e+02, 2.4570942306518555e+02, 0., 0., 0., 1.,
       0. ]
P2: !!opencv-matrix
   rows: 3
   cols: 4
   dt: d
   data: [ 5.4346316845606293e+02, 0., 3.5091457366943359e+02,
       -8.4591021549381039e+03, 0., 5.4346316845606293e+02,
       2.4570942306518555e+02, 0., 0., 0., 1., 0. ]
Q: !!opencv-matrix
   rows: 4
   cols: 4
   dt: d
   data: [ 1., 0., 0., -3.5091457366943359e+02, 0., 1., 0.,
       -2.4570942306518555e+02, 0., 0., 0., 5.4346316845606293e+02, 0.,
       0., 6.4245963519758378e-02, 0. ]
E: !!opencv-matrix
   rows: 3
   cols: 3
   dt: d
   data: [ 1.0615660257843268e-03, 1.7459090367828317e-01,
       2.0608301091889998e-02, 4.9048414915127714e-01,
       3.8791360869949515e-01, 1.5552593334692025e+01,
       -2.4543858612553430e-02, -1.5559322692163946e+01,
       3.8913498001108104e-01 ]
F: !!opencv-matrix
   rows: 3
   cols: 3
   dt: d
   data: [ 4.7512866540984692e-09, 7.8142236132766936e-07,
       -1.4342726201041101e-04, 2.1952763514520842e-06,
       1.7361979445370254e-06, 3.8165556827890371e-02,
       -6.0428527102354430e-04, -4.0063686082230841e-02, 1. ]
