%YAML:1.0
DateTime: "1970"
BoardWidth: 11
BoardHeight: 7
SquareLength: 2.5329999923706055e+00
ImageWidth: 752
ImageHeight: 480
NumImagePairs: 13
ReprojectionError: 5.2379151238902133e-01
R: !!opencv-matrix
   rows: 3
   cols: 3
   dt: d
   data: [ 9.9885155924318947e-01, -2.0565048123315541e-02,
       -4.3274026772821640e-02, 2.1388952705249618e-02,
       9.9959701930290124e-01, 1.8663110751637044e-02,
       4.2872780404608270e-02, -1.9567263386610582e-02,
       9.9888890618723825e-01 ]
T: !!opencv-matrix
   rows: 3
   cols: 1
   dt: d
   data: [ -6.2878307400077249e+00, -5.9803699459280921e-02,
       -4.1970924408569886e-02 ]
R1: !!opencv-matrix
   rows: 3
   cols: 3
   dt: d
   data: [ 9.9927370759166534e-01, -1.1187713592335441e-02,
       -3.6426534018251466e-02, 1.1538003718883853e-02,
       9.9988905942023276e-01, 9.4203673975773415e-03,
       3.6317100465069911e-02, -9.8338149412213645e-03,
       9.9929193146823303e-01 ]
R2: !!opencv-matrix
   rows: 3
   cols: 3
   dt: d
   data: [ 9.9993249961542108e-01, 9.5103804728836252e-03,
       6.6744944465480169e-03, -9.4456708507655446e-03,
       9.9990872260596453e-01, -9.6605257976708232e-03,
       -6.7657604919923783e-03, 9.5968286308269167e-03,
       9.9993106030625711e-01 ]
P1: !!opencv-matrix
   rows: 3
   cols: 4
   dt: d
   data: [ 7.1403562207781613e+02, 0., 3.6276684570312500e+02, 0., 0.,
       7.1403562207781613e+02, 1.7386932373046875e+02, 0., 0., 0., 1.,
       0. ]
P2: !!opencv-matrix
   rows: 3
   cols: 4
   dt: d
   data: [ 7.1403562207781613e+02, 0., 3.6276684570312500e+02,
       -4.4900382132676004e+03, 0., 7.1403562207781613e+02,
       1.7386932373046875e+02, 0., 0., 0., 1., 0. ]
Q: !!opencv-matrix
   rows: 4
   cols: 4
   dt: d
   data: [ 1., 0., 0., -3.6276684570312500e+02, 0., 1., 0.,
       -1.7386932373046875e+02, 0., 0., 0., 7.1403562207781613e+02, 0.,
       0., 1.5902662475520013e-01, 0. ]
E: !!opencv-matrix
   rows: 3
   cols: 3
   dt: d
   data: [ -1.6662367571304332e-03, 4.3124205675007285e-02,
       -5.8953943928245725e-02, 2.2765406324931861e-01,
       -1.2217250613991540e-01, 6.2826606210833456e+00,
       -7.4755095863226095e-02, -6.2865267315502091e+00,
       -1.1993842837982678e-01 ]
F: !!opencv-matrix
   rows: 3
   cols: 3
   dt: d
   data: [ 2.5802010747071934e-08, -6.6879442215312868e-07,
       7.4496122893805291e-04, -3.5305871794846480e-06,
       1.8975783164366317e-06, -6.6155307705096242e-02,
       1.4967116669914427e-03, 6.6932615713299337e-02, 1. ]
