%YAML:1.0
DateTime: "1970"
BoardWidth: 11
BoardHeight: 7
SquareLength: 1.8999999761581421e+00
ImageWidth: 752
ImageHeight: 480
NumImagePairs: 12
ReprojectionError: 4.3801489357365148e-01
M1: !!opencv-matrix
   rows: 3
   cols: 3
   dt: d
   data: [ 5.7181722745546085e+02, 0., 3.7550000000000000e+02, 0.,
       5.7181722745546085e+02, 2.3950000000000000e+02, 0., 0., 1. ]
D1: !!opencv-matrix
   rows: 1
   cols: 8
   dt: d
   data: [ -3.6131397037055268e-01, -2.2583217284579202e-01, 0., 0., 0.,
       0., 0., -9.4266847886872029e-01 ]
M2: !!opencv-matrix
   rows: 3
   cols: 3
   dt: d
   data: [ 5.7181722745546085e+02, 0., 3.7550000000000000e+02, 0.,
       5.7181722745546085e+02, 2.3950000000000000e+02, 0., 0., 1. ]
D2: !!opencv-matrix
   rows: 1
   cols: 8
   dt: d
   data: [ -4.0168114402793964e-01, 2.0569190954649977e-01, 0., 0., 0.,
       0., 0., 7.5073989702076335e-02 ]
