%YAML:1.0
DateTime: "1970"
BoardWidth: 11
BoardHeight: 7
SquareLength: 1.8999999761581421e+00
ImageWidth: 752
ImageHeight: 480
NumImagePairs: 30
ReprojectionError: 2.8877152537036210e-01
M1: !!opencv-matrix
   rows: 3
   cols: 3
   dt: d
   data: [ 6.8268908715926977e+02, 0., 3.5938211581778847e+02, 0.,
       6.8259980143608982e+02, 2.7565299706488474e+02, 0., 0., 1. ]
D1: !!opencv-matrix
   rows: 1
   cols: 5
   dt: d
   data: [ -4.3613745952930355e-01, 2.1750881134951527e-01,
       -8.6935997192183901e-04, 2.1102512320954244e-04,
       -3.2114352567245354e-02 ]
M2: !!opencv-matrix
   rows: 3
   cols: 3
   dt: d
   data: [ 6.8229141583280170e+02, 0., 3.7542938218833382e+02, 0.,
       6.8200530245480434e+02, 2.5144473519858835e+02, 0., 0., 1. ]
D2: !!opencv-matrix
   rows: 1
   cols: 5
   dt: d
   data: [ -4.4172201395217625e-01, 2.7514945597693391e-01,
       6.4379065427458876e-05, 6.2880951937265234e-04,
       -1.2108960326623533e-01 ]
