%YAML:1.0
DateTime: "1970"
BoardWidth: 11
BoardHeight: 7
SquareLength: 2.5329999923706055e+00
ImageWidth: 752
ImageHeight: 480
NumImagePairs: 15
ReprojectionError: 1.8760510894192398e-01
M1: !!opencv-matrix
   rows: 3
   cols: 3
   dt: d
   data: [ 5.6531792115313715e+02, 0., 3.4387933899260128e+02, 0.,
       5.6531792115313715e+02, 2.4818431199440195e+02, 0., 0., 1. ]
D1: !!opencv-matrix
   rows: 1
   cols: 8
   dt: d
   data: [ -4.3659069076632778e-01, 3.7825214634287653e-02, 0., 0., 0.,
       0., 0., -7.1279782109375700e-01 ]
M2: !!opencv-matrix
   rows: 3
   cols: 3
   dt: d
   data: [ 5.6531792115313715e+02, 0., 3.4268403582041572e+02, 0.,
       5.6531792115313715e+02, 2.4623592643200982e+02, 0., 0., 1. ]
D2: !!opencv-matrix
   rows: 1
   cols: 8
   dt: d
   data: [ -4.0649082419381044e-01, -4.9546842265392717e-03, 0., 0., 0.,
       0., 0., -5.1966675575455701e-01 ]
