%YAML:1.0
DateTime: "1970"
BoardWidth: 11
BoardHeight: 7
SquareLength: 2.5329999923706055e+00
ImageWidth: 640
ImageHeight: 480
NumImagePairs: 17
ReprojectionError: 2.6493014149736877e-01
M1: !!opencv-matrix
   rows: 3
   cols: 3
   dt: d
   data: [ 9.5405194941738523e+02, 0., 3.3351457016160794e+02, 0.,
       9.5428047775363200e+02, 2.3009598667441097e+02, 0., 0., 1. ]
D1: !!opencv-matrix
   rows: 1
   cols: 8
   dt: d
   data: [ 5.2676165039044409e-01, 2.7842808447994955e+01,
       5.1881575393921591e-03, 1.4473389671453526e-03,
       -2.7413091074413023e+02, 6.6466370664175967e-01,
       2.8360420616910456e+01, -2.7739926469372108e+02 ]
M2: !!opencv-matrix
   rows: 3
   cols: 3
   dt: d
   data: [ 9.5405194941738523e+02, 0., 3.3383993507784220e+02, 0.,
       9.5428047775363200e+02, 2.3033468082071550e+02, 0., 0., 1. ]
D2: !!opencv-matrix
   rows: 1
   cols: 8
   dt: d
   data: [ -8.2113020342325968e-02, -1.6994050293626060e+01,
       -2.6310568125043465e-03, -2.5561557656704871e-03,
       2.5225569392961935e+02, 2.5956056884459580e-02,
       -1.6635336205272353e+01, 2.5231384156870249e+02 ]
