%YAML:1.0
DateTime: "1970"
BoardWidth: 11
BoardHeight: 7
SquareLength: 1.8999999761581421e+00
ImageWidth: 752
ImageHeight: 480
NumImagePairs: 17
ReprojectionError: 5.2315418678320103e-01
M1: !!opencv-matrix
   rows: 3
   cols: 3
   dt: d
   data: [ 5.7002586122875448e+02, 0., 3.7550000000000000e+02, 0.,
       5.7002586122875448e+02, 2.3950000000000000e+02, 0., 0., 1. ]
D1: !!opencv-matrix
   rows: 1
   cols: 8
   dt: d
   data: [ -1.6034749994477235e-01, 1.2052591015008423e+00, 0., 0.,
       3.0234851596569663e+00, 2.1118229283886514e-01,
       1.2907577820422604e+00, 3.6797894704688985e+00 ]
M2: !!opencv-matrix
   rows: 3
   cols: 3
   dt: d
   data: [ 5.7002586122875448e+02, 0., 3.7550000000000000e+02, 0.,
       5.7002586122875448e+02, 2.3950000000000000e+02, 0., 0., 1. ]
D2: !!opencv-matrix
   rows: 1
   cols: 8
   dt: d
   data: [ -1.1105535268451300e-01, 3.9867437087625097e+00, 0., 0.,
       7.0142805177812584e-01, 1.9632330176932331e-01,
       4.4390581734409169e+00, 1.3810112009987525e+00 ]
