%YAML:1.0
DateTime: "1970"
BoardWidth: 11
BoardHeight: 7
SquareLength: 2.5329999923706055e+00
ImageWidth: 752
ImageHeight: 480
NumImagePairs: 13
ReprojectionError: 5.2379151238902133e-01
M1: !!opencv-matrix
   rows: 3
   cols: 3
   dt: d
   data: [ 6.8809616425681918e+02, 0., 3.5307983720603386e+02, 0.,
       6.8705965069389572e+02, 1.8824769977492033e+02, 0., 0., 1. ]
D1: !!opencv-matrix
   rows: 1
   cols: 8
   dt: d
   data: [ 1.0705255127257269e+00, 1.7843636782123893e+00,
       6.2500770348478173e-04, 4.5940379794110874e-03,
       2.5992829176675919e+01, 1.5688145656429229e+00,
       1.4225429441108557e+00, 3.2340864378776800e+01 ]
M2: !!opencv-matrix
   rows: 3
   cols: 3
   dt: d
   data: [ 6.8809616425681918e+02, 0., 3.4050785359734755e+02, 0.,
       6.8705965069389572e+02, 2.0080482427541133e+02, 0., 0., 1. ]
D2: !!opencv-matrix
   rows: 1
   cols: 8
   dt: d
   data: [ 2.9261568617958517e-01, 1.2571880664378381e+00,
       2.9393786576163605e-03, -2.7060129255185878e-03,
       -3.0508727378085299e+00, 7.5292521761950693e-01,
       1.4939467794439201e+00, -3.5981368373217815e+00 ]
