%YAML:1.0
DateTime: "1970"
BoardWidth: 11
BoardHeight: 7
SquareLength: 1.8999999761581421e+00
ImageWidth: 752
ImageHeight: 480
NumImagePairs: 11
ReprojectionError: 3.1053851076259487e-01
M1: !!opencv-matrix
   rows: 3
   cols: 3
   dt: d
   data: [ 6.8037118024171934e+02, 0., 3.7550000000000000e+02, 0.,
       6.8037118024171934e+02, 2.3950000000000000e+02, 0., 0., 1. ]
D1: !!opencv-matrix
   rows: 1
   cols: 8
   dt: d
   data: [ -1.5846132032851692e-01, 4.3979381932082209e+00, 0., 0.,
       5.5395658208946365e+01, 1.6719621452256059e-01,
       5.7303234588223937e+00, 5.1146614634411549e+01 ]
M2: !!opencv-matrix
   rows: 3
   cols: 3
   dt: d
   data: [ 6.8037118024171934e+02, 0., 3.7550000000000000e+02, 0.,
       6.8037118024171934e+02, 2.3950000000000000e+02, 0., 0., 1. ]
D2: !!opencv-matrix
   rows: 1
   cols: 8
   dt: d
   data: [ -2.0995890535954645e-01, -1.1027533445069622e+00, 0., 0.,
       -3.4613467072869248e+00, 2.1039226782140322e-01,
       -7.8406380883216864e-01, -6.4104507554031116e+00 ]
