%YAML:1.0
DateTime: "1970"
BoardWidth: 11
BoardHeight: 7
SquareLength: 2.5329999923706055e+00
ImageWidth: 640
ImageHeight: 480
NumImagePairs: 11
ReprojectionError: 3.2731331381746803e-01
M1: !!opencv-matrix
   rows: 3
   cols: 3
   dt: d
   data: [ 9.4884279545635070e+02, 0., 3.2870846431041184e+02, 0.,
       9.4890967330900526e+02, 2.2819746959280579e+02, 0., 0., 1. ]
D1: !!opencv-matrix
   rows: 1
   cols: 8
   dt: d
   data: [ -1.5305466571630427e-01, 8.1703868963810444e-01,
       4.4217976190047076e-03, 2.8209542466037765e-03,
       -4.1705936596412045e+01, -1.4521028486167096e-02,
       6.5305261665895398e-01, -4.0505688631947763e+01 ]
M2: !!opencv-matrix
   rows: 3
   cols: 3
   dt: d
   data: [ 9.4884279545635070e+02, 0., 3.3040539285361632e+02, 0.,
       9.4890967330900526e+02, 2.3077593909036617e+02, 0., 0., 1. ]
D2: !!opencv-matrix
   rows: 1
   cols: 8
   dt: d
   data: [ -7.7747531341488607e-01, -3.1583321353154954e+00,
       -2.9272815570956716e-03, -3.5225073132446930e-03,
       6.9122004802462243e+01, -6.6609188394209062e-01,
       -2.9972700399016721e+00, 6.9556939091892119e+01 ]
