%YAML:1.0
DateTime: "1970"
BoardWidth: 11
BoardHeight: 7
SquareLength: 1.8999999761581421e+00
ImageWidth: 752
ImageHeight: 480
NumImagePairs: 15
ReprojectionError: 2.2484951312209778e-01
M1: !!opencv-matrix
   rows: 3
   cols: 3
   dt: d
   data: [ 9.9994338604306108e+02, 0., 3.7550000000000000e+02, 0.,
       9.9994338604306108e+02, 2.3950000000000000e+02, 0., 0., 1. ]
D1: !!opencv-matrix
   rows: 1
   cols: 8
   dt: d
   data: [ -2.3938904731706076e-01, -2.7977335014744185e+00, 0., 0., 0.,
       0., 0., -1.8502862475561010e+01 ]
M2: !!opencv-matrix
   rows: 3
   cols: 3
   dt: d
   data: [ 9.9994338604306108e+02, 0., 3.7550000000000000e+02, 0.,
       9.9994338604306108e+02, 2.3950000000000000e+02, 0., 0., 1. ]
D2: !!opencv-matrix
   rows: 1
   cols: 8
   dt: d
   data: [ -3.5876994289084913e-01, -1.2303698618375458e-01, 0., 0., 0.,
       0., 0., -2.2014917343597245e+00 ]
