%YAML:1.0
DateTime: "1970"
BoardWidth: 11
BoardHeight: 7
SquareLength: 2.5329999923706055e+00
ImageWidth: 752
ImageHeight: 480
NumImagePairs: 10
ReprojectionError: 2.9445392318213526e-01
M1: !!opencv-matrix
   rows: 3
   cols: 3
   dt: d
   data: [ 6.8466520556395460e+02, 0., 3.5366591112440773e+02, 0.,
       6.8195530054566314e+02, 2.3383587160906248e+02, 0., 0., 1. ]
D1: !!opencv-matrix
   rows: 1
   cols: 8
   dt: d
   data: [ 3.4291275711406519e+00, -2.7879440391159815e+00,
       -1.4437136471129107e-03, -6.7700928227374497e-04,
       8.2365667467504675e+00, 3.8361266262134217e+00,
       -1.4824147933713523e+00, 8.3862978408449571e+00 ]
M2: !!opencv-matrix
   rows: 3
   cols: 3
   dt: d
   data: [ 6.8466520556395460e+02, 0., 3.5417249463331376e+02, 0.,
       6.8195530054566314e+02, 2.3373208910720388e+02, 0., 0., 1. ]
D2: !!opencv-matrix
   rows: 1
   cols: 8
   dt: d
   data: [ -9.3475499756770275e-02, 2.6736670859104286e+00,
       4.1659931015948556e-03, -2.2357223966742740e-03,
       1.8100859032630371e+01, 3.9064287996027658e-01,
       2.0023767698865713e+00, 2.2818063714739068e+01 ]
