%YAML:1.0
DateTime: "1970"
BoardWidth: 11
BoardHeight: 7
SquareLength: 1.8999999761581421e+00
ImageWidth: 752
ImageHeight: 480
NumImagePairs: 15
ReprojectionError: 2.5887325340181638e-01
M1: !!opencv-matrix
   rows: 3
   cols: 3
   dt: d
   data: [ 9.9676219679216501e+02, 0., 3.7550000000000000e+02, 0.,
       9.9676219679216501e+02, 2.3950000000000000e+02, 0., 0., 1. ]
D1: !!opencv-matrix
   rows: 1
   cols: 8
   dt: d
   data: [ -1.7651531650057140e-01, 5.1230600586477006e+00, 0., 0.,
       6.6016203535766280e+01, 1.8410129214096008e-01,
       4.4633136420510802e+00, 7.2880899729082614e+01 ]
M2: !!opencv-matrix
   rows: 3
   cols: 3
   dt: d
   data: [ 9.9676219679216501e+02, 0., 3.7550000000000000e+02, 0.,
       9.9676219679216501e+02, 2.3950000000000000e+02, 0., 0., 1. ]
D2: !!opencv-matrix
   rows: 1
   cols: 8
   dt: d
   data: [ -1.8142230171777490e-01, 6.0372183578630945e-02, 0., 0.,
       -1.0853247734954076e+01, 1.8540322239425389e-01,
       4.4985284308179235e-01, -1.4721623587074257e+01 ]
