%YAML:1.0
DateTime: "1970"
BoardWidth: 11
BoardHeight: 7
SquareLength: 2.5329999923706055e+00
ImageWidth: 640
ImageHeight: 480
NumImagePairs: 11
ReprojectionError: 3.7230560719446260e+01
M1: !!opencv-matrix
   rows: 3
   cols: 3
   dt: d
   data: [ 8.6666541679084992e+02, 0., 3.6969520143073584e+02, 0.,
       7.1913549590809498e+02, 2.3038889277469059e+02, 0., 0., 1. ]
D1: !!opencv-matrix
   rows: 1
   cols: 8
   dt: d
   data: [ -2.1688032416140585e-01, -1.2963193987396333e+00,
       -2.1036950351640864e-02, -6.9907196934835741e-02,
       -1.3056510430562767e+00, 4.6474638262315521e-01,
       3.0703156353160752e+00, -1.3839446087989373e+01 ]
M2: !!opencv-matrix
   rows: 3
   cols: 3
   dt: d
   data: [ 8.6666541679084992e+02, 0., 3.1147017491600610e+02, 0.,
       7.1913549590809498e+02, 2.3843408093469256e+02, 0., 0., 1. ]
D2: !!opencv-matrix
   rows: 1
   cols: 8
   dt: d
   data: [ -9.7740483012120827e-01, 5.7041605875603185e+00,
       4.8145502953194398e-02, -6.3645975310286040e-02,
       8.0604893218668217e+00, 2.0071982578042249e+00,
       -8.2157839529783006e-02, -2.2566106808161720e+01 ]
