%YAML:1.0
DateTime: "1970"
BoardWidth: 11
BoardHeight: 7
SquareLength: 2.5329999923706055e+00
ImageWidth: 752
ImageHeight: 480
NumImagePairs: 12
ReprojectionError: 1.8412137624125730e-01
M1: !!opencv-matrix
   rows: 3
   cols: 3
   dt: d
   data: [ 3.6217360121236436e+02, 0., 3.4764060596040844e+02, 0.,
       3.6111283709117271e+02, 2.2739903042957508e+02, 0., 0., 1. ]
D1: !!opencv-matrix
   rows: 1
   cols: 8
   dt: d
   data: [ -7.6046449300571500e-02, -4.8361451296274532e-01,
       -1.9424185374983137e-03, 5.7238055568916606e-03,
       1.1850381797727592e-01, 4.0558379675092310e-01,
       -7.0215655474401517e-01, 7.4238537971477975e-02 ]
M2: !!opencv-matrix
   rows: 3
   cols: 3
   dt: d
   data: [ 3.6217360121236436e+02, 0., 3.4479268512833215e+02, 0.,
       3.6111283709117271e+02, 2.3764117973803349e+02, 0., 0., 1. ]
D2: !!opencv-matrix
   rows: 1
   cols: 8
   dt: d
   data: [ 1.9502226157109284e+00, 2.1705033539845280e+00,
       2.5981829439268044e-03, -2.3804475023716512e-03,
       1.4205150532828045e-01, 2.3692774096747362e+00,
       3.0647811430628704e+00, 6.9461946014701947e-01 ]
