%YAML:1.0
calibration_time: "Mon Mar 27 19:13:10 2017"
image_width: 752
image_height: 480
board_width: 11
board_height: 7
square_size: 1.8999999389052391e-02
flags: 0
camera_matrix: !!opencv-matrix
   rows: 3
   cols: 3
   dt: d
   data: [ 6.4666159099928404e+02, 0., 3.9136820978664582e+02, 0.,
       6.4631503664654417e+02, 2.7306226833808086e+02, 0., 0., 1. ]
distortion_coefficients: !!opencv-matrix
   rows: 5
   cols: 1
   dt: d
   data: [ -4.2268418473926878e-01, 2.2812234772035947e-01,
       1.0180310289327980e-03, 1.4113939300331444e-03,
       -6.7535763050115993e-02 ]
avg_reprojection_error: 2.2063651532000009e-01
