%YAML:1.0
calibration_time: "Wed Mar 22 19:51:36 2017"
image_width: 752
image_height: 480
board_width: 11
board_height: 7
square_size: 1.8999999389052391e-02
flags: 0
camera_matrix: !!opencv-matrix
   rows: 3
   cols: 3
   dt: d
   data: [ 5.7316880591645315e+02, 0., 3.9616551119462952e+02, 0.,
       5.7268243130781366e+02, 2.7073900051724263e+02, 0., 0., 1. ]
distortion_coefficients: !!opencv-matrix
   rows: 8
   cols: 1
   dt: d
   data: [ -1.7763471559696256e+00, 2.4594298108308812e+00,
       -7.0122209869677649e-04, 9.7904271979097558e-04,
       3.2800277228251593e+00, -1.2853300100183327e+00,
       1.3518019945022319e+00, 5.3441789468713354e+00 ]
avg_reprojection_error: 2.1553398411416469e-01
