%YAML:1.0
calibration_time: "Mon Mar 27 19:03:36 2017"
image_width: 752
image_height: 480
board_width: 11
board_height: 7
square_size: 1.8999999389052391e-02
flags: 0
camera_matrix: !!opencv-matrix
   rows: 3
   cols: 3
   dt: d
   data: [ 6.4940842903316036e+02, 0., 3.9019164115333854e+02, 0.,
       6.4943499731200700e+02, 2.7226162149095586e+02, 0., 0., 1. ]
distortion_coefficients: !!opencv-matrix
   rows: 8
   cols: 1
   dt: d
   data: [ -1.9761619216259674e-01, -1.2880944452636992e-01,
       1.7462859422481619e-04, 1.6093389033814613e-04,
       -4.7810036035954562e-01, 2.2318971542766136e-01,
       -2.1040884615886410e-01, -7.2678648347451935e-01 ]
avg_reprojection_error: 2.4389521239555503e-01
