%YAML:1.0
calibration_time: "Wed Mar 22 18:47:57 2017"
image_width: 752
image_height: 480
board_width: 11
board_height: 7
square_size: 1.8999999389052391e-02
flags: 0
camera_matrix: !!opencv-matrix
   rows: 3
   cols: 3
   dt: d
   data: [ 5.7332562974082202e+02, 0., 4.0238287538365182e+02, 0.,
       5.7221304043632676e+02, 2.6794216017455255e+02, 0., 0., 1. ]
distortion_coefficients: !!opencv-matrix
   rows: 8
   cols: 1
   dt: d
   data: [ -4.6055081007770632e-01, 2.4113206659465483e-01,
       -5.9982371160976393e-04, -6.2952834646346765e-06, 0., 0., 0.,
       4.5858596362411137e-02 ]
avg_reprojection_error: 2.3231108977347070e-01
