%YAML:1.0
calibration_time: "Wed Apr  5 14:14:04 2017"
image_width: 752
image_height: 480
board_width: 11
board_height: 7
square_size: 1.8999999389052391e-02
flags: 0
camera_matrix: !!opencv-matrix
   rows: 3
   cols: 3
   dt: d
   data: [ 6.4665176640275342e+02, 0., 3.5789145215205383e+02, 0.,
       6.4694767566229086e+02, 2.1503945595581004e+02, 0., 0., 1. ]
distortion_coefficients: !!opencv-matrix
   rows: 5
   cols: 1
   dt: d
   data: [ -2.0237829402251543e-02, 8.2499175639948116e-02,
       2.5470588679438154e-03, 2.2183949173938443e-03,
       -1.0433239694566424e-01 ]
avg_reprojection_error: 2.1011713206607999e-01
