%YAML:1.0
calibration_time: "Wed Mar 22 19:43:07 2017"
image_width: 752
image_height: 480
board_width: 11
board_height: 7
square_size: 1.8999999389052391e-02
flags: 0
camera_matrix: !!opencv-matrix
   rows: 3
   cols: 3
   dt: d
   data: [ 5.7402684269223073e+02, 0., 3.9708414699512923e+02, 0.,
       5.7353385123717794e+02, 2.7036780635036303e+02, 0., 0., 1. ]
distortion_coefficients: !!opencv-matrix
   rows: 8
   cols: 1
   dt: d
   data: [ -2.4817784467095114e-01, 6.4781523760519422e-01,
       -6.7009529063350695e-04, 5.9188660379598816e-04,
       1.4211009943171831e+00, 2.4414475009116116e-01,
       2.9512125108816811e-01, 2.2005998143508099e+00 ]
avg_reprojection_error: 2.1267224234927160e-01
