%YAML:1.0
DateTime: "2016-12-01-18-50-50"
BoardWidth: 11
BoardHeight: 7
SquareLength: 2.5329999923706055e+00
ImageWidth: 640
ImageHeight: 480
NumImagePairs: 22
ReprojectionError: 2.0763178202294745e+00
R: !!opencv-matrix
   rows: 3
   cols: 3
   dt: d
   data: [ 9.9722825259777093e-01, -2.9514360731931252e-03,
       -7.4344476902471618e-02, 4.1434914514555769e-03,
       9.9986523868106092e-01, 1.5885085956862006e-02,
       7.4287574326989542e-02, -1.6149102215635217e-02,
       9.9710609405330630e-01 ]
T: !!opencv-matrix
   rows: 3
   cols: 1
   dt: d
   data: [ -7.9871104590971971e+00, 2.7910580786466438e-01,
       1.5275017148643992e+00 ]
R1: !!opencv-matrix
   rows: 3
   cols: 3
   dt: d
   data: [ 9.6481230530928808e-01, -3.4163176986239191e-02,
       -2.6071074558211793e-01, 3.6140242714879159e-02,
       9.9934282870990065e-01, 2.7916952920732738e-03,
       2.6044404078474626e-01, -1.2115611594181154e-02,
       9.6541292387009836e-01 ]
R2: !!opencv-matrix
   rows: 3
   cols: 3
   dt: d
   data: [ 9.8162132374449618e-01, -3.4302294175590727e-02,
       -1.8773100272569263e-01, 3.2883027490716775e-02,
       9.9940224905865394e-01, -1.0670102133954787e-02,
       1.8798479532437604e-01, 4.3008360577328963e-03,
       9.8216252195655329e-01 ]
P1: !!opencv-matrix
   rows: 3
   cols: 4
   dt: d
   data: [ 1.6199141975818895e+03, 0., 7.2279368734359741e+02, 0., 0.,
       1.6199141975818895e+03, 3.4125063705444336e+02, 0., 0., 0., 1.,
       0. ]
P2: !!opencv-matrix
   rows: 3
   cols: 4
   dt: d
   data: [ 1.6199141975818895e+03, 0., 7.2279368734359741e+02,
       -1.3180677026239970e+04, 0., 1.6199141975818895e+03,
       3.4125063705444336e+02, 0., 0., 0., 1., 0. ]
Q: !!opencv-matrix
   rows: 4
   cols: 4
   dt: d
   data: [ 1., 0., 0., -7.2279368734359741e+02, 0., 1., 0.,
       -3.4125063705444336e+02, 0., 0., 0., 1.6199141975818895e+03, 0.,
       0., 1.2290068213923908e-01, 0. ]
E: !!opencv-matrix
   rows: 3
   cols: 3
   dt: d
   data: [ 1.4404903149216344e-02, -1.5318031749388064e+00,
       2.5403360586765300e-01, 2.1166109278423821e+00,
       -1.3349298687464492e-01, 7.8504351966834944e+00,
       -3.1142672097586910e-01, -7.9852103426076475e+00,
       -1.0612596090357032e-01 ]
F: !!opencv-matrix
   rows: 3
   cols: 3
   dt: d
   data: [ -1.6590458848486597e-07, 1.8367567768627915e-05,
       -8.7994688091802397e-03, -2.5379889069962567e-05,
       1.6665093956454693e-06, -8.5083903308205311e-02,
       1.2311204025903223e-02, 8.8872418468217251e-02, 1. ]
