%YAML:1.0
DateTime: "2016-12-01-18-50-50"
BoardWidth: 11
BoardHeight: 7
SquareLength: 2.5329999923706055e+00
ImageWidth: 640
ImageHeight: 480
NumImagePairs: 22
ReprojectionError: 2.0763178202294745e+00
M1: !!opencv-matrix
   rows: 3
   cols: 3
   dt: d
   data: [ 1.0291282537403010e+03, 0., 4.8556740018696138e+02, 0.,
       9.8848224036036629e+02, 3.1953281951308838e+02, 0., 0., 1. ]
D1: !!opencv-matrix
   rows: 1
   cols: 8
   dt: d
   data: [ -4.1377210116481877e-02, 4.5561123427759931e-01,
       -1.7980911801388820e-03, -5.1638652599611118e-02,
       3.2562160642831661e-01, 6.2431884101169934e-02,
       6.2520484557647610e-02, 6.9613041510487539e-01 ]
M2: !!opencv-matrix
   rows: 3
   cols: 3
   dt: d
   data: [ 1.0291282537403010e+03, 0., 4.9571918345286343e+02, 0.,
       9.8848224036036629e+02, 3.3639674995142991e+02, 0., 0., 1. ]
D2: !!opencv-matrix
   rows: 1
   cols: 8
   dt: d
   data: [ 9.2603960665473406e-01, -2.4129265305905743e+00,
       2.7786071687564318e-03, -4.6628505528982157e-02,
       2.0540760516628062e+01, 8.8346558490944860e-01,
       -2.0593083644483792e+00, 1.8894510080147832e+01 ]
