%YAML:1.0
DateTime: "2016-12-15-15-26-51"
BoardWidth: 11
BoardHeight: 7
SquareLength: 2.5329999923706055e+00
ImageWidth: 640
ImageHeight: 480
NumImagePairs: 21
ReprojectionError: 5.1314131965910914e-01
R: !!opencv-matrix
   rows: 3
   cols: 3
   dt: d
   data: [ 9.9978787313457629e-01, -2.0758767914796261e-03,
       2.0491448669798514e-02, 1.4901880259709580e-03,
       9.9959108042899569e-01, 2.8556107340467766e-02,
       -2.0542348275882281e-02, -2.8519513711486397e-02,
       9.9938213375313678e-01 ]
T: !!opencv-matrix
   rows: 3
   cols: 1
   dt: d
   data: [ -8.1248400084576851e+00, 2.3250422628266536e-02,
       4.7501571514586685e-02 ]
R1: !!opencv-matrix
   rows: 3
   cols: 3
   dt: d
   data: [ 9.9988252644984099e-01, -4.7695141292061890e-03,
       1.4566572529405939e-02, 4.5608866390732259e-03,
       9.9988703095289699e-01, 1.4322138292372838e-02,
       -1.4633236598533651e-02, -1.4254019333915305e-02,
       9.9979132388687975e-01 ]
R2: !!opencv-matrix
   rows: 3
   cols: 3
   dt: d
   data: [ 9.9997881560068202e-01, -2.8615862045090999e-03,
       -5.8463385337878034e-03, 2.7777582324904019e-03,
       9.9989393867422638e-01, -1.4296694084444280e-02,
       5.8866296859341229e-03, 1.4280151502575710e-02,
       9.9988070531639128e-01 ]
P1: !!opencv-matrix
   rows: 3
   cols: 4
   dt: d
   data: [ 9.9959301097303330e+02, 0., 3.2226753234863281e+02, 0., 0.,
       9.9959301097303330e+02, 2.5299650001525879e+02, 0., 0., 0., 1.,
       0. ]
P2: !!opencv-matrix
   rows: 3
   cols: 4
   dt: d
   data: [ 9.9959301097303330e+02, 0., 3.2226753234863281e+02,
       -8.1217053411774759e+03, 0., 9.9959301097303330e+02,
       2.5299650001525879e+02, 0., 0., 0., 1., 0. ]
Q: !!opencv-matrix
   rows: 4
   cols: 4
   dt: d
   data: [ 1., 0., 0., -3.2226753234863281e+02, 0., 1., 0.,
       -2.5299650001525879e+02, 0., 0., 0., 9.9959301097303330e+02, 0.,
       0., 1.2307673930314164e-01, 0. ]
E: !!opencv-matrix
   rows: 3
   cols: 3
   dt: d
   data: [ -5.4840455227714562e-04, -4.8145237939285608e-02,
       2.1879597001887782e-02, -1.1941179798444150e-01,
       -2.3181509343470816e-01, 8.1207933200697209e+00,
       -3.5353029882528045e-02, -8.1214693373542222e+00,
       -2.3249023824748291e-01 ]
F: !!opencv-matrix
   rows: 3
   cols: 3
   dt: d
   data: [ 2.3143436198869055e-09, 2.0340478579566993e-07,
       -1.3974631700495996e-04, 5.0449290999726939e-07,
       9.8046157699480963e-07, -3.3026254125452119e-02,
       1.3875504056694062e-05, 3.2303223886989182e-02, 1. ]
