%YAML:1.0
DateTime: "2016-12-15-15-26-51"
BoardWidth: 11
BoardHeight: 7
SquareLength: 2.5329999923706055e+00
ImageWidth: 640
ImageHeight: 480
NumImagePairs: 21
ReprojectionError: 5.1314131965910914e-01
M1: !!opencv-matrix
   rows: 3
   cols: 3
   dt: d
   data: [ 9.5061198969636973e+02, 0., 3.2700644708524544e+02, 0.,
       9.4955964113804180e+02, 2.5178760194926869e+02, 0., 0., 1. ]
D1: !!opencv-matrix
   rows: 1
   cols: 8
   dt: d
   data: [ -7.1391855875815577e-02, 5.6886557101157820e-01,
       5.4843137776660091e-03, 1.5031468081080908e-03,
       -2.3274732377855827e+01, 9.7000750358975721e-02,
       8.7285141885406137e-01, -2.6941932128160754e+01 ]
M2: !!opencv-matrix
   rows: 3
   cols: 3
   dt: d
   data: [ 9.5061198969636973e+02, 0., 3.2798031503774070e+02, 0.,
       9.4955964113804180e+02, 2.5211795082515670e+02, 0., 0., 1. ]
D2: !!opencv-matrix
   rows: 1
   cols: 8
   dt: d
   data: [ -1.5008714172583970e-01, -1.5779896681514067e+00,
       1.4167501191708423e-03, -4.7157391670195389e-03,
       1.3520493237282986e+02, 6.2836176103743910e-02,
       -2.5241140104744479e+00, 1.4146127121835030e+02 ]
